10	23
10	51
20	83
30	90
40	81
50	94
60	72
70	73
80	66
90	77
100	83
110	82
121	82
131	67
141	70
151	66
161	85
171	74
181	77
192	109
202	75
212	75
222	83
232	80
242	81
252	73
262	97
273	81
283	78
293	76
303	63
313	85
323	88
333	92
344	88
354	82
364	89
374	80
384	72
394	77
404	74
414	77
424	84
434	68
445	67
455	81
465	82
475	80
485	83
496	81
506	98
516	92
526	92
536	111
546	102
556	108
566	95
576	101
586	103
597	115
607	90
617	116
627	101
637	119
647	101
657	81
667	97
677	94
688	98
698	82
708	100
718	90
728	112
738	102
748	105
758	118
768	130
779	106
789	135
799	116
809	128
819	101
829	101
839	96
849	102
859	87
869	100
879	120
889	107
899	114
909	108
919	118
929	122
939	127
949	125
959	104
970	80
980	98
990	114
1000	92
1010	88
1020	97
1030	84
1041	89
1051	102
1061	77
1071	106
1081	85
1091	85
1101	88
1111	102
1122	89
1132	84
1142	89
1152	80
1163	69
1173	77
1183	78
1193	134
1203	78
1213	83
1224	86
1234	91
1244	99
1254	105
1264	93
1274	107
1284	122
1294	120
1304	117
1314	109
1324	88
1334	105
1344	108
1354	131
1364	141
1374	117
1385	146
1395	151
1405	131
1415	146
1425	146
1435	145
1445	114
1455	126
1465	170
1475	140
1485	118
1495	143
1505	153
1515	133
1526	144
1536	139
1546	156
1556	134
1566	112
1576	148
1586	147
1596	123
1606	126
1616	119
1626	146
1636	135
1646	121
1656	144
1666	131
1676	139
1686	153
1697	111
1707	134
1717	135
1727	120
1737	149
1747	144
1757	132
1767	122
1777	130
1787	135
1797	109
1808	137
1818	138
1828	146
1838	166
1848	116
1858	129
1868	136
1878	139
1888	146
1899	135
1909	133
1919	117
1929	132
1939	147
1949	141
1959	148
1969	144
1979	146
1989	164
1999	134
2009	147
2019	132
2029	135
2039	128
2050	114
2060	128
2070	117
2080	124
2090	143
2100	149
2110	116
2120	136
2130	143
2140	142
2150	121
2160	143
2170	150
2180	130
2191	128
2201	149
2211	142
2221	147
2231	176
2241	119
2251	136
2261	151
2271	140
2281	136
2291	143
2302	159
2312	149
2322	155
2332	145
2342	111
2352	149
2362	135
2372	132
2382	117
2393	136
2403	130
2413	154
2423	110
2433	123
2443	102
2453	143
2463	134
2473	115
2483	124
2493	109
2503	105
2514	159
2524	130
2534	117
2544	108
2554	134
2564	108
2574	110
2584	142
2594	134
2604	148
2614	105
2624	139
2634	148
2644	120
2655	116
2665	174
2675	135
2685	154
2695	124
2705	124
2715	129
2725	122
2735	142
2745	137
2755	150
2765	145
2775	170
2785	154
2795	152
2805	148
2815	148
2825	139
2835	141
2846	131
2856	153
2866	123
2876	164
2886	127
2896	124
2906	138
2916	122
2926	146
2936	167
2946	158
2956	157
2966	175
2976	149
2986	131
2997	143
3007	146
3017	118
3027	136
3037	146
3047	160
3057	143
3067	133
3077	124
3087	143
3097	143
3107	147
3118	126
3128	139
3138	137
3148	125
3158	131
3168	108
3178	122
3188	139
3198	129
3208	141
3218	99
3228	143
3238	145
3248	163
3258	160
3268	135
3278	164
3288	148
3298	196
3309	156
3319	133
3329	148
3339	164
3349	154
3359	146
3369	163
3379	160
3389	167
3399	155
3409	150
3419	181
3429	207
3439	188
3449	226
3459	207
3469	171
3480	243
3490	224
3500	213
3510	188
3520	148
3530	136
3540	136
3550	154
3560	146
3570	151
3580	117
3591	120
3601	139
3611	145
3621	161
3631	146
3641	146
3651	112
3661	118
3671	113
3681	143
3691	123
3701	124
3711	112
3721	95
3731	128
3741	119
3752	113
3762	154
3772	150
3782	115
3792	106
3802	134
3812	119
3822	119
3832	150
3842	112
3853	126
3863	113
3873	118
3883	127
3893	109
3903	101
3913	105
3923	90
3933	127
3943	117
3953	126
3964	82
3974	95
3984	145
3994	142
4004	163
4014	122
4024	128
4034	132
4044	111
4054	110
4064	127
4075	114
4085	127
4095	120
4105	141
4115	131
4125	130
4135	124
4145	90
4155	111
4165	144
4175	111
4185	122
4195	106
4205	101
4216	100
4226	123
4236	108
4246	127
4256	122
4266	120
4276	115
4286	93
4296	76
4306	94
4316	114
4326	124
4336	105
4346	167
4356	107
4367	86
4377	100
4387	113
4397	110
4407	126
4417	102
4427	105
4437	108
4447	119
4458	84
4468	106
4478	91
4488	85
4498	87
4508	93
4518	88
4528	99
4538	99
4548	91
4558	90
4568	96
4578	76
4588	92
4598	96
4608	95
4618	98
4629	77
4639	105
4649	89
4659	100
4669	86
4679	87
4689	84
4699	87
4709	89
4719	86
4730	92
4740	93
4750	72
4760	92
4770	66
4780	100
4790	94
4800	79
4810	74
4820	67
4830	102
4840	111
4851	81
4861	86
4871	95
4881	89
4891	91
4901	87
4911	67
4921	87
4931	87
4941	94
4952	113
4962	100
4972	87
4982	91
4992	100
5003	72
5013	97
5023	91
5033	84
5043	103
5053	70
5063	104
5074	102
5084	98
5094	95
5104	76
5115	86
5125	94
5135	105
5145	103
5155	79
5166	68
5176	82
5186	63
5196	76
5207	69
5217	75
5227	99
5237	108
5247	72
5257	78
5267	70
5277	71
5287	83
5298	76
5308	93
5318	64
5328	77
5338	68
5348	62
5359	69
5369	73
5379	68
5389	77
5400	68
5410	70
5420	62
5430	88
5440	87
5450	61
5460	50
5470	63
5481	71
5491	72
5501	70
5511	75
5521	81
5531	55
5541	52
5551	61
5562	87
5572	83
5582	81
5592	61
5602	72
5612	55
5622	65
5632	66
5643	92
5653	63
5663	74
5673	64
5683	83
5693	66
5703	93
5713	76
5723	65
5733	75
5744	88
5754	76
5764	70
5774	79
5784	85
5794	80
5804	72
5814	76
5824	72
5834	72
5844	75
5855	85
5865	68
5875	68
5885	77
5895	81
5905	72
5915	92
5925	90
5935	70
5945	76
5956	63
5966	64
5976	72
5986	73
5996	76
6006	69
6016	76
6026	77
6036	85
6046	91
6056	94
6067	74
6077	80
6087	86
6097	75
6107	85
6117	84
6128	76
6138	59
6148	94
6158	71
6168	74
6178	83
6188	67
6198	83
6208	69
6219	68
6229	72
6239	80
6249	83
6260	64
6270	102
6280	82
6290	70
6300	86
6310	67
6320	75
6330	84
6341	118
6351	68
6361	65
6371	64
6381	74
6391	84
6402	66
6412	82
6422	79
6432	85
6442	72
6452	69
6462	74
6472	83
6482	75
6492	76
6502	80
6512	83
6523	77
6533	64
6543	62
6553	66
6563	77
6573	74
6584	71
6594	79
6604	73
6614	88
6624	70
6634	80
6644	68
6654	77
6664	65
6674	66
6685	78
6695	96
6705	84
6715	77
6725	77
6735	93
6745	90
6755	89
6766	93
6776	64
6786	78
6796	79
6806	74
6816	80
6826	74
6836	89
6846	66
6857	90
6867	91
6877	98
6887	83
6897	82
6907	86
6917	86
6927	88
6937	92
6947	100
6957	92
6967	96
6977	74
6988	90
6998	74
7008	88
7018	75
7028	82
7038	67
7048	96
7059	85
7069	79
7079	69
7089	84
7100	67
7110	75
7120	78
7130	87
7140	80
7150	81
7160	80
7170	69
7180	84
7191	68
7201	75
7211	84
7221	74
7231	86
7241	91
7252	63
7262	72
7272	71
7282	79
7292	93
7302	62
7312	71
7322	70
7332	72
7342	70
7353	71
7363	77
7373	64
7383	60
7393	81
7403	77
7413	72
7424	68
7434	77
7444	98
7454	83
7464	89
7474	77
7484	63
7494	73
7504	77
7514	75
7525	79
7535	66
7545	68
7555	86
7565	69
7575	64
7585	68
7595	71
7605	62
7615	64
7625	68
7635	79
7645	75
7655	70
7666	63
7676	68
7686	66
7696	60
7706	68
7716	75
7726	70
7736	59
7746	68
7757	89
7767	76
7777	65
7787	81
7798	72
7808	70
7818	77
7828	103
7838	76
7848	78
7858	97
7868	77
7878	73
7889	90
7899	76
7909	74
7919	74
7929	69
7939	72
7949	83
7959	80
7970	83
7980	57
7990	78
8000	65
8010	70
8020	77
8030	76
8041	72
8051	69
8061	66
8071	78
8081	74
8092	84
8102	81
8112	63
8122	100
8132	92
8142	99
8152	92
8162	89
8172	93
8182	98
8192	104
8202	72
8212	88
8222	79
8232	85
8243	70
8253	89
8263	62
8273	76
8284	92
8294	81
8304	86
8314	83
8324	85
8334	89
8344	90
8354	75
8365	95
8375	69
8385	131
8395	80
8405	84
8415	93
8425	76
8435	78
8445	93
8455	85
8465	77
8475	72
8485	69
8496	74
8506	71
8516	83
8527	91
8537	72
8547	80
8557	83
8567	80
8577	72
8587	90
8597	69
8607	73
8617	73
8627	83
8637	78
8648	75
8658	82
8668	81
8678	78
8688	82
8699	96
8709	73
8719	88
8729	91
8739	97
8749	79
8759	91
8769	83
8779	96
8789	82
8800	75
8810	71
8820	85
8830	69
8840	77
8850	85
8860	89
8870	93
8881	78
8891	78
8901	97
8911	83
8921	75
8931	96
8941	77
8951	77
8961	79
8972	80
8982	80
8992	75
9002	65
9012	77
9022	70
9032	95
9042	83
9052	72
9062	68
9073	74
9083	85
9093	95
9103	105
9113	70
9123	84
9133	77
9143	76
9153	78
9164	78
9174	81
9184	79
9194	76
9204	99
9214	85
9224	77
9234	90
9245	81
9255	91
9265	98
9275	94
9285	82
9295	99
9306	104
9316	92
9326	99
9336	124
9346	102
9357	93
9367	103
9377	82
9387	93
9397	101
9407	83
9417	76
9427	100
9437	83
9447	85
9458	104
9468	110
9478	90
9488	80
9498	101
9508	83
9518	88
9528	80
9539	88
9549	90
9559	74
9569	88
9580	150
9590	80
9600	99
9610	79
9620	88
9630	119
9641	87
9651	81
9661	100
9671	97
9681	92
9691	87
9701	76
9711	80
9721	88
9731	106
9741	84
9751	91
9761	101
9772	81
9782	91
9792	113
9802	95
9812	113
9822	110
9832	100
9842	87
9852	110
9862	108
9872	89
9882	166
9892	116
9902	109
9913	100
9923	107
9933	124
9943	126
9953	112
9963	113
9973	109
9983	121
9993	132
10003	121
10013	129
10023	121
10034	115
10044	129
10054	122
10064	123
10074	143
10084	131
10094	134
10104	134
10114	115
10124	140
10134	132
10144	123
10154	137
10164	154
10174	177
10185	159
10195	145
10205	160
10215	155
10225	190
10235	180
10245	176
10255	149
10265	172
10276	147
10286	166
10296	158
10306	182
10316	176
10326	164
10336	172
10346	192
10356	178
10366	152
10376	183
10386	182
10396	206
10406	216
10416	204
10426	176
10436	182
10446	188
10456	184
10466	204
10476	213
10486	216
10496	247
10506	251
10516	217
10526	311
10536	295
10546	284
10556	311
10566	269
10576	256
10587	258
10597	265
10607	214
10617	238
10627	294
10637	343
10647	291
10657	293
10667	307
10677	314
10687	317
10697	285
10707	318
10717	287
10727	299
10737	293
10747	349
10757	347
10767	417
10777	401
10787	409
10797	369
10807	367
10817	375
10827	399
10837	342
10847	356
10857	395
10867	439
10877	464
10887	454
10897	468
10907	461
10917	468
10927	490
10937	466
10948	486
10958	487
10968	472
10978	472
10988	480
10998	475
11008	480
11018	477
11028	478
11038	483
11048	484
11058	487
11068	476
11078	464
11088	479
11098	474
11108	466
11118	458
11128	476
11138	477
11148	470
11158	486
11168	468
11178	472
11188	488
11198	478
11208	476
11218	482
11228	475
11238	470
11248	489
11258	482
11268	475
11278	477
11288	482
11298	480
11308	486
11318	470
11328	481
11338	479
11349	478
11359	488
11369	480
11379	476
11389	479
11399	471
11409	486
11419	480
11429	483
11439	474
11449	480
11459	473
11469	483
11479	491
11489	476
11499	472
11509	485
11519	481
11529	482
11539	477
11549	498
11559	468
11569	476
11579	494
11589	485
11599	478
11609	489
11619	474
11629	481
11639	486
11649	477
11659	478
11669	482
11679	454
11689	492
11699	480
11709	482
11719	486
11729	473
11739	485
11749	490
11759	473
11769	482
11779	478
11790	488
11800	479
11810	480
11820	483
11830	477
11840	481
11850	479
11860	482
11870	485
11880	484
11890	464
11900	489
11910	484
11920	481
11930	479
11940	479
11950	490
11960	472
11970	486
11980	478
11990	495
12000	463
12010	486
12020	483
12030	475
12040	485
12050	481
12060	475
12070	488
12080	468
12090	479
12100	477
12110	485
12120	459
12130	483
12141	477
12151	479
12161	468
12171	482
12181	473
12191	478
12201	481
12211	474
12221	482
12231	479
12241	483
12251	480
12261	471
12271	474
12281	483
12291	480
12301	472
12311	490
12321	485
12331	479
12341	475
12351	482
12361	473
12371	482
12381	485
12391	481
12401	483
12411	480
12421	482
12431	484
12441	475
12451	481
12461	498
12471	473
12481	483
12491	464
12501	483
12511	487
12521	482
12531	478
12541	478
12551	475
12561	490
12571	472
12581	500
12591	479
12601	479
12611	482
12622	482
12632	480
12642	482
12652	483
12662	481
12672	481
12682	477
12692	484
12702	478
12712	486
12722	475
12732	478
12742	485
12752	482
12762	479
12772	484
12782	480
12792	487
12802	475
12812	471
12822	490
12832	479
12842	493
12852	481
12862	474
12872	476
12882	478
12892	483
12902	496
12912	477
12922	471
12932	482
12942	473
12952	486
12962	482
12972	482
12982	477
12992	490
13003	484
13013	480
13023	487
13033	476
13043	479
13053	486
13063	479
13073	483
13083	480
13093	477
13103	481
13113	477
13123	487
13133	476
13143	480
13153	492
13163	467
13173	481
13183	484
13193	478
13203	486
13213	483
13223	482
13233	476
13243	493
13253	478
13263	475
13273	478
13283	481
13293	477
13303	496
13313	481
13323	479
13333	481
13343	480
13353	488
13363	479
13373	476
13383	480
13393	480
13403	480
13413	479
13423	485
13433	478
13443	483
13453	480
13464	482
13474	479
13484	481
13494	479
13504	478
13514	481
13524	480
13534	483
13544	475
13554	484
13564	480
13574	479
13584	483
13594	485
13604	475
13614	482
13624	480
13634	480
13644	475
13654	478
13664	479
13674	473
13684	482
13694	486
13704	478
13714	479
13724	478
13734	484
13744	490
13754	474
13764	484
13774	479
13784	473
13794	501
13804	462
13814	496
13824	479
13834	487
13844	474
13854	486
13864	479
13875	484
13885	486
13895	481
13905	481
13915	480
13925	476
13935	486
13945	478
13955	479
13965	493
13975	476
13985	481
13995	478
14005	492
14015	493
14025	483
14035	478
14045	468
14055	481
14065	479
14075	479
14085	484
14095	485
14105	485
14115	479
14125	476
14135	485
14145	485
14155	470
14165	489
14175	478
14185	479
14195	478
14206	487
14216	484
14226	479
14236	477
14246	485
14256	479
14266	476
14276	484
14286	485
14296	479
14306	478
14316	490
14326	475
14336	476
14346	495
14356	477
14366	480
14376	481
14386	483
14396	473
14406	481
14416	485
14426	478
14436	479
14446	483
14456	489
14466	482
14476	479
14486	470
14496	485
14506	484
14516	480
14526	480
14536	477
14546	495
14556	474
14566	481
14576	485
14586	483
14596	478
14606	478
14616	476
14627	490
14637	480
14647	485
14657	478
14667	479
14677	487
14687	477
14697	487
14707	481
14717	497
14727	463
14737	485
14747	478
14757	481
14767	475
14777	490
14787	487
14797	471
14807	479
14817	480
14827	489
14837	465
14847	499
14857	472
14867	490
14877	468
14887	490
14897	483
14907	478
14917	481
14927	474
14937	483
14947	481
14958	483
14968	485
14978	475
14988	490
14998	480
15008	468
15018	481
15028	486
15038	473
15048	480
15058	483
15068	479
15078	485
15088	484
15098	474
15108	477
15118	482
15128	483
15138	482
15148	476
15158	474
15168	494
15178	467
15188	493
15198	461
15208	487
15218	491
15228	473
15238	476
15248	478
15258	488
15268	476
15278	485
15288	476
15298	481
15308	482
15318	463
15328	494
15338	479
15348	474
15358	493
15369	484
15379	484
15389	483
15399	479
15409	479
15419	486
15429	478
15439	480
15449	480
15459	481
15469	479
15479	483
15489	484
15499	481
15509	489
15519	469
15529	485
15539	482
15549	473
15559	486
15569	484
15579	481
15589	480
15599	484
15609	484
15619	467
15629	483
15639	476
15649	484
15659	485
15669	488
15679	475
15689	477
15699	482
15709	491
15719	473
15729	488
15739	482
15749	485
15760	482
15770	480
15780	480
15790	481
15800	479
15810	485
15820	480
15830	478
15840	483
15850	480
15860	482
15870	479
15880	486
15890	474
15900	480
15910	497
15920	467
15930	491
15940	481
15950	475
15960	493
15970	473
15980	483
15990	490
16000	468
16010	488
16020	477
16030	479
16040	474
16050	484
16060	487
16070	475
16080	486
16090	480
16100	479
16110	478
16120	467
16130	493
16140	484
16150	481
16160	482
16170	476
16180	478
16190	484
16200	477
16211	480
16221	475
16231	486
16241	483
16251	477
16261	480
16271	481
16281	480
16291	479
16301	481
16311	485
16321	478
16331	480
16341	479
16351	489
16361	484
16371	472
16381	488
16391	472
16401	495
16411	476
16421	484
16431	479
16441	476
16451	488
16461	463
16471	478
16481	494
16491	482
16501	467
16511	481
16521	490
16531	472
16541	476
16552	498
16562	480
16572	488
16582	475
16592	476
16602	487
16612	479
16622	482
16632	482
16642	479
16652	478
16662	481
16672	483
16682	488
16692	474
16702	483
16712	479
16722	483
16732	478
16742	477
16752	484
16762	486
16772	486
16782	465
16792	478
16802	475
16812	480
16822	483
16832	477
16842	470
16852	481
16862	468
16872	478
16882	480
16892	481
16902	481
16912	478
16922	476
16932	470
16942	489
16952	480
16962	486
16972	486
16982	475
16992	482
17002	477
17013	478
17023	484
17033	480
17043	473
17053	479
17063	482
17073	476
17083	478
17093	488
17103	476
17113	479
17123	477
17133	483
17143	474
17153	494
17163	467
17173	478
17183	485
17193	477
17203	481
17213	471
17223	487
17233	478
17243	489
17253	471
17263	483
17273	486
17283	480
17293	472
17303	478
17313	479
17323	484
17333	466
17343	478
17353	477
17363	481
17373	474
17383	482
17393	471
17403	486
17414	468
17424	484
17434	469
17444	466
17454	477
17464	477
17474	481
17484	479
17494	477
17504	475
17514	478
17524	487
17534	473
17544	474
17554	492
17564	471
17574	475
17584	489
17594	471
17604	476
17614	478
17624	473
17634	472
17644	474
17654	475
17664	471
17674	477
17684	474
17694	472
17704	483
17714	465
17724	476
17734	472
17744	492
17754	457
17764	460
17774	464
17784	430
17794	450
17804	431
17814	420
17824	462
17834	472
17845	470
17855	470
17865	475
17875	471
17885	465
17895	459
17905	473
17915	478
17925	474
17935	479
17945	462
17955	482
17965	477
17975	465
17985	454
17995	480
18005	486
18015	480
18025	489
18035	481
18045	472
18055	476
18065	485
18075	477
18085	484
18095	461
18105	494
18115	467
18125	479
18135	473
18145	493
18155	466
18165	484
18175	492
18185	464
18195	483
18205	470
18215	487
18225	477
18235	469
18245	480
18255	472
18265	487
18275	476
18285	479
18295	472
18306	481
18316	474
18326	481
18336	481
18346	472
18356	482
18366	469
18376	473
18386	467
18396	476
18406	470
18416	479
18426	480
18436	467
18446	484
18456	497
18466	467
18476	482
18486	480
18496	464
18506	481
18516	481
18526	484
18536	477
18546	471
18556	484
18566	486
18576	481
18586	479
18596	482
18606	481
18616	481
18626	479
18636	477
18646	478
18656	477
18666	487
18676	464
18686	484
18696	472
18706	481
18716	477
18726	466
18736	485
18746	480
18756	477
18766	482
18776	476
18786	482
18797	484
18807	479
18817	480
18827	479
18837	479
18847	477
18857	480
18867	482
18877	463
18887	473
18897	477
18907	481
18917	483
18927	466
18937	475
18947	489
18957	467
18967	474
18977	475
18987	481
18997	473
19007	479
19017	476
19027	478
19037	471
19047	486
19057	463
19067	492
19077	481
19087	478
19097	477
19107	470
19117	479
19127	488
19138	493
19148	481
19158	475
19168	475
19178	484
19188	478
19198	478
19208	480
19218	472
19228	480
19238	481
19248	486
19258	469
19268	484
19278	480
19288	468
19298	475
19308	477
19318	472
19328	475
19338	475
19348	473
19358	483
19368	484
19378	471
19388	478
19398	468
19408	459
19418	468
19428	474
19438	471
19448	459
19458	457
19468	463
19478	449
19488	461
19498	451
19509	457
19519	438
19529	450
19539	450
19549	449
19559	456
19569	434
19579	451
19589	435
19599	448
19609	419
19619	442
19629	436
19639	418
19649	428
19659	427
19669	405
19679	402
19689	401
19699	391
19709	416
19719	418
19729	404
19739	403
19749	409
19759	395
19769	407
19779	370
19789	378
19799	388
19809	381
19819	381
19829	371
19839	405
19849	393
19859	385
19869	382
19879	378
19889	373
19899	378
19909	362
19919	366
19929	385
19939	370
19950	341
19960	361
19970	355
19980	359
19990	361
20000	372
20010	372
20020	359
20030	375
20040	378
20050	377
20060	342
20070	344
20080	378
20090	336
20100	341
20110	312
20120	336
20130	323
20140	350
20150	339
20160	333
20170	344
20180	302
20190	321
20200	314
20210	298
20220	315
20231	287
20241	297
20251	309
20261	335
20271	304
20281	308
20291	295
20301	299
20311	308
20321	313
20331	317
20341	282
20351	313
20361	285
20371	303
20381	291
20391	297
20401	274
20411	270
20421	258
20431	267
20441	299
20451	266
20462	260
20472	265
20482	272
20492	265
20502	278
20512	254
20522	268
20532	289
20542	302
20552	256
20562	263
20572	273
20582	242
20592	282
20602	270
20612	278
20622	256
20632	261
20642	251
20652	261
20662	260
20672	228
20682	266
20693	268
20703	246
20713	253
20723	261
20733	256
20743	256
20753	246
20763	249
20773	242
20783	252
20793	252
20803	244
20813	249
20823	273
20833	256
20843	209
20853	233
20864	237
20874	250
20884	235
20894	258
20904	251
20914	244
20924	269
20934	238
20944	246
20954	245
20964	249
20974	257
20984	250
20994	253
21004	253
21014	245
21024	243
21034	224
21044	228
21054	260
21064	193
21074	221
21084	216
21094	227
21104	238
21115	265
21125	208
21135	237
21145	220
21155	237
21165	235
21175	251
21185	219
21195	218
21205	216
21215	240
21225	228
21235	250
21245	235
21255	250
21265	233
21275	191
21285	205
21295	211
21305	205
21315	202
21325	228
21335	222
21345	224
21355	189
21366	184
21376	232
21386	209
21396	252
21406	176
21416	180
21426	227
21436	174
21446	187
21457	194
21467	185
21477	195
21487	186
21497	192
21507	185
21517	205
21527	187
21537	167
21547	198
21557	193
21567	170
21577	200
21587	178
21597	192
21607	191
21618	174
21628	182
21638	197
21648	181
21658	192
21668	188
21678	178
21688	174
21698	187
21708	171
21718	164
21728	186
21738	207
21748	195
21758	183
21768	182
21778	218
21788	202
21798	175
21808	178
21819	195
21829	169
21839	186
21849	171
21859	149
21869	190
21879	190
21889	170
21899	171
21909	172
21919	185
21929	195
21939	165
21949	166
21959	182
21969	166
21979	150
21989	150
21999	168
22010	156
22020	159
22030	172
22040	142
22050	186
22060	168
22070	174
22080	176
22090	151
22100	149
22110	153
22120	168
22130	164
22140	165
22150	176
22161	163
22171	169
22181	187
22191	159
22201	179
22211	169
22221	144
22231	182
22241	183
22251	184
22261	156
22271	157
22281	184
22291	149
22301	165
22311	160
22321	151
22331	158
22341	196
22351	171
22361	185
22372	160
22382	115
22392	159
22402	175
22412	149
22422	165
22432	151
22442	136
22452	139
22462	155
22472	157
22482	152
22492	169
22502	175
22512	172
22523	186
22533	170
22543	151
22553	174
22563	158
22573	150
22583	127
22593	153
22603	157
22613	127
22623	151
22633	156
22643	149
22653	142
22663	138
22673	162
22683	152
22693	139
22703	165
22713	146
22723	143
22733	142
22744	145
22754	144
22764	164
22774	146
22784	148
22794	151
22804	149
22814	151
22824	144
22834	121
22844	149
22854	120
22864	143
22874	126
22884	149
22894	150
22904	136
22914	132
22924	148
22934	140
22944	143
22954	136
22965	135
22975	142
22985	145
22995	142
23005	136
23015	152
23025	123
23035	126
23045	142
23055	131
23065	133
23075	115
23085	139
23095	102
23105	123
23115	123
23125	154
23136	126
23146	131
23156	153
23166	141
23176	122
23186	128
23196	116
23206	123
23216	111
23226	135
23237	136
23247	115
23257	122
23267	127
23277	121
23287	100
23297	119
23307	117
23317	131
23327	126
23337	130
23348	113
23358	124
23368	105
23378	127
23388	114
23398	98
23408	115
23418	109
23428	110
23438	128
23448	129
23458	115
23468	110
23478	115
23488	99
23499	120
23509	111
23519	92
23529	115
23539	123
23549	108
23559	101
23569	114
23579	107
23590	142
23600	102
23610	120
23620	106
23630	117
23640	100
23650	95
23660	117
23671	106
23681	105
23691	128
23701	110
23711	111
23721	111
23731	102
23741	117
23751	117
23761	113
23771	117
23781	120
23792	96
23802	95
23812	109
23822	104
23832	96
23842	90
23852	107
23862	104
23872	110
23882	106
23892	109
23902	108
23912	105
23923	114
23933	106
23943	86
23953	110
23963	95
23973	90
23983	97
23993	102
24003	115
24013	93
24023	125
24033	112
24043	87
24053	95
24064	130
24074	113
24084	96
24094	107
24104	93
24114	104
24124	95
24135	103
24145	124
24155	117
24165	109
24175	99
24185	102
24195	99
24205	105
24215	108
24225	91
24235	93
24245	92
24256	95
24266	80
24276	90
24286	116
24296	86
24306	85
24316	86
24326	110
24336	108
24347	109
24357	99
24367	102
24377	101
24387	91
24397	99
24408	102
24418	80
24428	101
24438	94
24448	85
24458	83
24468	89
24478	96
24488	102
24498	97
24508	106
24518	109
24528	107
24538	99
24548	92
24558	91
24569	112
24579	112
24589	97
24599	105
24609	113
24619	93
24630	104
24640	98
24650	101
24660	106
24670	94
24680	103
24690	103
24700	93
24710	105
24720	115
24730	91
24740	104
24750	102
24761	98
24771	98
24781	115
24791	98
24801	91
24811	93
24821	94
24831	93
24841	91
24852	80
24862	104
24872	90
24882	87
24892	92
24902	95
24912	110
24922	105
24932	113
24942	101
24952	115
24962	95
24972	85
24983	89
24993	91
25003	74
25013	82
25023	78
25034	79
25044	83
25054	77
25064	80
25074	70
25084	103
25094	86
25104	91
25115	92
25125	88
25135	74
25145	81
25155	72
25165	86
25176	68
25186	67
25196	69
25206	77
25216	88
25226	104
25236	69
25247	72
25257	84
25267	68
25278	72
25288	79
25298	85
25308	83
25318	70
25329	70
25339	85
25349	64
25359	77
25369	85
25379	75
25389	74
25399	62
25410	61
25420	84
25430	64
25440	63
25450	82
25460	71
25470	75
25480	69
25490	72
25500	60
25510	60
25520	73
25530	81
25541	69
25551	57
25562	63
25572	66
25582	68
25592	71
25602	64
25612	78
25622	65
25633	79
25643	68
25653	61
25663	56
25673	63
25683	72
25693	66
25703	91
25714	69
25724	71
25734	66
25744	67
25754	64
25764	63
25774	83
25785	63
25795	60
25805	100
25815	89
25825	67
25835	101
25845	89
25855	66
25865	69
25875	69
25886	65
25896	73
25906	73
25916	67
25926	70
25936	61
25946	53
25956	71
25967	71
25977	66
25987	58
25997	67
26007	68
26017	50
26028	50
26038	66
26048	71
26058	64
26068	72
26078	64
26088	71
26099	42
26109	49
26119	58
26129	57
26139	62
26149	66
26160	56
26170	69
26180	60
26190	62
26201	73
26211	80
26221	65
26231	53
26241	57
26252	77
26262	56
26272	64
26282	68
26293	42
26303	65
26313	69
26323	63
26333	54
26343	60
26353	71
26364	77
26374	59
26384	68
26394	69
26404	66
26414	74
26424	84
26434	69
26444	60
26454	69
26464	91
26475	47
26485	58
26495	72
26505	66
26516	62
26526	50
26536	66
26546	70
26556	68
26566	66
26577	71
26587	65
26597	68
26607	71
26618	65
26628	82
26638	63
26648	48
26658	72
26668	54
26679	58
26689	62
26699	70
26709	62
26719	61
26729	84
26740	58
26750	60
26760	46
26770	84
26780	56
26790	64
26800	71
26810	65
26820	66
26830	59
26840	55
26850	59
26860	65
26870	63
26881	63
26891	58
26901	77
26911	68
26921	64
26931	63
26941	74
26952	63
26962	57
26972	89
26982	55
26992	62
27002	71
27012	64
27022	71
27033	59
27043	102
27053	60
27063	56
27074	62
27084	57
27094	65
27104	46
27114	59
27124	63
27134	69
27144	57
27155	71
27165	71
27175	69
27185	64
27195	82
27205	77
27215	65
27226	81
27236	64
27246	86
27257	61
27267	71
27277	75
27287	79
27297	76
27307	88
27317	57
27328	74
27338	83
27348	73
27358	85
27369	52
27379	76
27389	70
27399	78
27409	65
27419	65
27429	53
27439	57
27450	58
27460	65
27470	56
27480	73
27490	47
27500	63
27510	70
27520	71
27530	44
27541	77
27551	55
27561	68
27571	52
27581	65
27592	42
27602	47
27612	47
27622	43
27632	77
27642	55
27653	49
27663	51
27673	44
27683	55
27693	39
27703	51
27714	36
27724	46
27734	59
27744	60
27754	56
27764	52
27774	50
27784	53
27794	53
27804	46
27814	51
27824	62
27834	52
27845	68
27855	60
27865	58
27875	48
27886	49
27896	47
27906	51
27916	37
27926	81
27936	66
27946	55
27956	46
27967	51
27977	60
27987	55
27998	56
28008	64
28019	43
28029	59
28039	61
28049	43
28059	60
28069	54
28079	46
28090	43
28100	61
28110	54
28120	45
28131	46
28141	45
28151	48
28161	55
28171	47
28181	39
28191	42
28201	52
28212	45
28222	60
28232	54
28242	55
28252	60
28262	37
28272	45
28283	45
28293	45
28303	49
28314	54
28324	50
28334	37
28345	54
28355	38
28366	42
28376	43
28386	66
28396	36
28406	39
28417	39
28427	46
28437	41
28447	53
28458	55
28468	63
28478	35
28488	47
28498	39
28509	42
28519	33
28529	57
28540	57
28550	53
28560	45
28570	48
28580	46
28590	39
28601	36
28612	43
28622	64
28632	44
28642	48
28653	39
28663	44
28674	43
28684	38
28694	47
28704	47
28714	50
28725	33
28735	43
28746	39
28756	42
28766	42
28776	41
28786	43
28797	36
28807	32
28817	40
28828	41
28838	39
28849	41
28859	52
28869	26
28879	40
28889	40
28899	43
28909	39
28920	50
28930	45
28940	46
28951	39
28961	39
28971	42
28981	38
28992	35
29002	34
29013	57
29023	36
29033	42
29043	35
29053	47
29064	47
29074	37
29084	38
29094	49
29104	29
29114	44
29125	44
29135	59
29145	46
29155	42
29166	44
29176	26
29186	41
29196	33
29206	32
29217	39
29227	48
29237	37
29247	42
29257	38
29268	36
29278	51
29288	60
29298	45
29308	36
29319	36
29329	38
29339	31
29349	39
29359	32
29369	43
29379	40
29390	37
29400	43
29410	40
29420	45
29431	49
29441	43
29451	42
29461	42
29472	43
29482	55
29492	57
29503	53
29513	58
29523	35
29533	34
29543	50
29553	39
29563	37
29573	29
29584	32
29594	29
29604	29
29614	33
29624	35
29634	36
29645	38
29655	31
29665	44
29675	40
29685	37
29696	27
29707	30
29717	35
29727	41
29737	32
29747	33
29757	35
29768	31
29778	27
29788	47
29798	39
29808	41
29818	36
29828	35
29839	31
29849	50
29860	28
29870	37
29880	37
29890	41
29901	37
29911	27
29921	33
29931	38
29942	33
29952	31
29962	40
29973	52
29983	52
29993	31
30004	42
30015	31
30025	30
30035	30
30046	45
30056	28
30066	40
30077	41
30087	32
30097	29
30107	34
30118	32
30128	30
30138	28
30148	32
30159	38
30169	33
30180	45
30190	30
30200	35
30210	42
30220	39
30231	34
30241	31
30252	34
30263	37
30273	34
30284	34
30294	34
30304	30
30314	28
30325	50
30335	43
30345	36
30356	47
30366	42
30376	37
30386	31
30396	26
30406	24
30416	32
30426	43
30437	33
30447	26
30457	28
30467	29
30478	36
30488	26
30498	32
30509	32
30520	33
30530	31
30540	27
30550	38
30560	33
30571	36
30581	28
30591	24
30601	40
30611	40
30621	33
30632	31
30642	32
30653	26
30663	35
30673	22
30683	30
30694	44
30704	41
30714	26
30725	27
30735	22
30746	30
30756	29
30767	33
30777	24
30788	31
30798	28
30808	36
30818	26
30829	18
30839	33
30850	34
30860	27
30870	34
30881	31
30891	30
30902	26
30912	26
30923	31
30933	40
30943	36
30953	54
30964	31
30974	32
30984	41
30994	49
31005	27
31015	26
31026	46
31036	32
31047	37
31057	43
31067	24
31078	26
31088	38
31098	18
31108	41
31119	27
31131	22
31141	20
31151	34
31161	35
31171	31
31181	25
31191	32
31202	27
31212	31
31222	21
31232	38
31242	41
31254	36
31265	27
31275	28
31285	28
31295	37
31305	27
31316	38
31326	30
31336	27
31346	25
31357	24
31367	39
31377	27
31387	31
31397	31
31408	29
31418	31
31428	38
31438	40
31448	28
31459	35
31469	43
31479	37
31490	27
31500	29
31510	27
31520	35
31530	40
31540	39
31552	14
31562	30
31572	21
31582	28
31592	43
31603	34
31613	31
31623	33
31633	30
31643	29
31654	35
31664	33
31674	31
31684	31
31694	22
31705	40
31715	24
31725	33
31735	32
31746	26
31757	39
31768	31
31778	17
31788	22
31798	37
31809	34
31819	28
31829	44
31839	32
31849	30
31860	35
31870	32
31880	25
31890	43
31900	25
31910	28
31920	25
31931	30
31941	38
31951	32
31962	27
31972	31
31983	25
31993	31
32003	33
32014	21
32024	37
32035	27
32045	29
32055	33
32065	31
32075	31
32086	27
32096	26
32106	34
32117	27
32127	62
32137	33
32148	34
32158	29
32169	32
32179	33
32189	33
32200	30
32210	27
32220	29
32230	37
32241	23
32252	30
32262	27
32273	30
32283	19
32293	26
32303	24
32314	36
32324	29
32334	24
32345	40
32355	21
32365	33
32375	26
32385	26
32396	23
32406	15
32416	36
32427	21
32437	33
32449	21
32460	19
32470	19
32481	29
32491	31
32502	29
32512	15
32522	19
32532	28
32543	21
32553	27
32564	22
32575	14
32586	25
32598	18
32609	28
32620	20
32631	24
32641	26
32652	30
32662	33
32673	23
32683	29
32693	28
32704	31
32714	21
32724	32
32734	25
32746	15
32756	22
32766	14
32776	18
32787	28
32798	26
32808	20
32818	19
32828	26
32838	14
32848	31
32859	31
32870	30
32880	25
32890	27
32900	40
32911	16
32921	30
32932	21
32943	28
32954	32
32965	30
32976	30
32986	20
32996	34
33006	16
33017	25
33027	39
33037	25
33047	19
33058	32
33068	24
33078	25
33088	20
33099	28
33109	23
33119	21
33129	16
33140	20
33150	21
33161	20
33171	20
33181	22
33192	14
33202	21
33213	30
33223	22
33233	18
33244	27
33254	22
33264	26
33275	33
33285	27
33296	26
33306	14
33316	26
33326	26
33336	33
33347	30
33357	35
33367	29
33377	27
33387	27
33397	29
33408	34
33419	37
33429	25
33439	14
33450	23
33462	22
33474	34
33484	24
33494	30
33504	23
33515	32
33526	20
33536	22
33547	25
33557	18
33568	28
33578	22
33589	12
33599	25
33609	21
33620	23
33630	40
33642	20
33652	21
33662	30
33673	21
33683	20
33694	31
33704	34
33715	22
33725	29
33737	27
33747	32
33757	36
33767	28
33777	27
33788	31
33798	21
33808	33
33820	32
33831	26
33841	22
33851	26
33862	27
33873	26
33884	29
33894	25
33904	18
33915	26
33925	29
33935	35
33945	23
33956	25
33966	22
33976	28
33986	27
33997	17
34007	30
34017	28
34028	41
34038	32
34050	37
34060	17
34071	37
34081	29
34092	27
34102	42
34114	29
34124	23
34134	27
34144	27
34155	29
34165	23
34175	22
34186	25
34196	26
34206	20
34217	27
34227	43
34237	28
34247	25
34258	23
34268	22
34279	18
34289	13
34299	16
34310	28
34321	23
34331	14
34342	14
34352	17
34364	19
34374	34
34385	21
34395	22
34405	25
34415	15
34425	19
34436	10
34447	24
34457	19
34468	24
34478	22
34488	28
34499	33
34509	17
34519	27
34530	25
34543	23
34553	33
34563	13
34573	29
34584	28
34594	26
34604	26
34614	38
34625	45
34635	15
34645	26
34655	23
34666	25
34676	22
34686	19
34697	21
34707	25
34718	29
34729	26
34740	25
34751	22
34761	24
34771	15
34781	18
34792	16
34802	12
34813	18
34823	25
34833	24
34844	31
34854	17
34865	21
34875	19
34886	24
34896	19
34907	32
34917	22
34927	20
34938	20
34948	27
34958	21
34968	26
34980	19
34991	20
35001	16
35011	24
35021	15
35032	23
35043	13
35053	20
35064	17
35074	26
35084	17
35094	17
35104	29
35116	30
35126	28
35136	33
35146	24
35157	12
35168	21
35179	22
35189	23
35200	20
35210	19
35221	15
35232	15
35242	12
35253	17
35264	17
35274	19
35284	17
35294	12
35306	18
35316	21
35326	21
35336	21
35348	21
35358	16
35369	17
35379	22
35389	23
35399	24
35409	18
35419	18
35430	25
35440	21
35451	12
35463	24
35473	14
35484	18
35494	22
35505	16
35515	20
35526	19
35537	18
35547	22
35558	24
35569	10
35579	16
35589	22
35600	20
35610	35
35620	26
35630	19
35640	25
35650	29
35661	15
35671	26
35681	34
35692	22
35703	13
35713	14
35724	31
35735	22
35745	30
35756	20
35766	20
35776	15
35786	23
35796	13
35806	19
35817	18
35827	19
35837	22
35848	19
35858	25
35868	27
35879	21
35889	21
35900	21
35910	23
35921	17
35931	17
35941	17
35951	19
35962	17
35972	16
35982	15
35993	19
36003	22
36014	19
36025	22
36035	18
36046	29
36057	19
36068	14
36078	13
36089	17
36099	17
36110	21
36120	14
36131	12
36142	22
36152	14
36162	17
36173	32
36183	17
36194	13
36205	23
36216	24
36226	25
36236	20
36246	26
36257	14
36267	22
36278	22
36288	20
36299	24
36310	28
36321	26
36331	19
36342	18
36352	36
36362	22
36373	16
36383	16
36393	24
36403	25
36413	28
36424	21
36436	18
36447	23
36457	20
36467	18
36478	21
36489	24
36499	17
36509	12
36519	12
36530	13
36541	15
36551	30
36561	21
36572	25
36584	25
36595	17
36605	17
36618	14
36628	33
36639	31
36649	15
36659	23
36670	19
36681	23
36691	13
36701	20
36712	23
36723	15
36733	28
36743	15
36753	22
36763	29
36773	18
36785	20
36795	16
36806	30
36816	16
36826	12
36836	22
36847	19
36857	23
36867	18
36879	13
36889	20
36899	19
36910	18
36920	12
36931	26
36941	14
36951	16
36962	20
36973	16
36984	17
36994	22
37004	21
37014	17
37025	28
37036	16
37046	15
37057	11
37068	20
37078	14
37088	14
37098	12
37109	19
37119	17
37129	12
37140	20
37151	18
37164	19
37174	14
37186	14
37197	15
37207	14
37218	24
37228	21
37239	22
37250	24
37261	11
37272	24
37283	16
37293	20
37303	22
37315	16
37326	23
37336	25
37347	12
37357	12
37368	24
37378	17
37389	13
37400	13
37410	25
37420	15
37430	13
37441	20
37452	21
37462	22
37472	28
37482	38
37492	29
37503	22
37515	28
37525	33
37535	38
37545	44
37555	41
37566	29
37576	19
37586	28
37596	41
37607	31
37617	22
37627	31
37638	22
37649	25
37659	22
37669	21
37680	18
37690	11
37700	35
37711	19
37721	16
37731	13
37742	24
37752	18
37762	21
37772	17
37783	26
37793	15
37804	19
37814	19
37824	30
37835	20
37846	11
37857	23
37867	18
37878	17
37888	17
37899	14
37909	26
37919	14
37929	25
37940	23
37950	19
37960	15
37972	21
37982	12
37993	9
38003	24
38013	25
38024	15
38034	8
38045	18
38056	19
38066	13
38076	22
38087	15
38099	20
38109	22
38120	18
38130	21
38140	16
38150	19
38161	22
38172	17
38182	20
38192	20
38202	18
38212	25
38222	16
38233	25
38244	17
38255	17
38265	16
38276	23
38286	24
38297	15
38309	19
38320	15
38330	15
38340	13
38351	15
38361	20
38372	12
38383	9
38393	11
38405	10
38415	11
38426	16
38437	23
38448	30
38459	24
38469	14
38480	16
38491	13
38501	12
38513	12
38523	19
38535	26
38545	19
38556	12
38567	16
38577	19
38587	17
38599	13
38609	17
38619	17
38630	14
38640	15
38651	7
38661	18
38671	16
38682	12
38692	22
38702	14
38712	15
38722	16
38733	16
38744	14
38754	15
38765	20
38776	19
38787	18
38798	11
38809	12
38819	17
38830	14
38840	20
38853	15
38863	19
38874	14
38884	14
38896	13
38906	18
38917	16
38927	15
38939	18
38950	19
38960	9
38971	22
38981	10
38992	14
39003	12
39013	16
39024	23
39034	22
39044	14
39055	17
39065	13
39075	16
39086	17
39098	17
39108	14
39120	21
39130	14
39143	23
39154	17
39165	14
39175	17
39186	10
39196	13
39207	13
39217	11
39227	15
39237	17
39248	20
39259	17
39271	19
39282	9
39293	18
39304	15
39314	15
39325	18
39335	22
39347	13
39358	11
39369	45
39379	19
39389	13
39400	19
39411	16
39422	19
39433	23
39443	28
39453	17
39464	21
39474	14
39484	18
39494	19
39506	15
39516	16
39527	22
39537	15
39547	12
39557	19
39573	23
39583	12
39593	10
39603	19
39614	22
39624	14
39635	20
39647	16
39658	26
39668	13
39679	19
39690	23
39700	22
39711	30
39721	27
39731	17
39742	23
39752	23
39762	12
39773	23
39783	13
39794	17
39805	10
39815	13
39826	11
39836	12
39846	10
39858	9
39868	9
39878	13
39889	15
39899	14
39909	18
39920	15
39931	14
39943	14
39953	17
39965	9
39975	12
39986	13
39996	11
40007	15
40018	11
40029	17
40039	14
40049	11
40061	11
40071	18
40082	20
40092	17
40103	18
40114	18
40124	13
40134	16
40145	12
40155	13
40165	22
40177	22
40188	14
40199	17
40210	15
40220	20
40231	19
40242	20
40253	17
40263	18
40276	11
40286	20
40297	18
40307	31
40318	27
40329	22
40340	9
40350	14
40361	13
40373	17
40384	27
40394	22
40405	21
40415	19
40426	24
40436	18
40446	14
40458	15
40468	18
40478	12
40488	14
40499	19
40509	12
40519	15
40530	25
40542	15
40552	22
40563	17
40574	12
40584	12
40594	15
40605	18
40619	20
40629	17
40640	14
40651	17
40662	13
40672	18
40682	18
40693	12
40704	12
40715	12
40725	10
40736	14
40746	18
40756	20
40767	25
40777	28
40788	17
40800	19
40810	16
40820	14
40833	17
40844	14
40856	16
40866	18
40879	12
40890	12
40900	7
40910	12
40921	14
40932	15
40943	14
40953	15
40963	16
40973	20
40983	17
40993	21
41004	17
41014	17
41024	14
41036	12
41046	8
41056	13
41066	20
41077	20
41087	19
41097	6
41107	13
41118	15
41128	19
41138	23
41149	27
41159	10
41170	9
41181	18
41192	11
41202	11
41214	18
41224	19
41234	16
41245	13
41255	20
41266	25
41276	21
41287	27
41297	18
41310	14
41320	21
41330	20
41341	20
41351	16
41361	18
41372	14
41383	16
41393	17
41405	11
41416	16
41426	22
41436	24
41447	21
41457	11
41468	12
41482	19
41493	20
41503	19
41513	25
41523	30
41535	14
41546	18
41557	13
41568	17
41579	18
41590	13
41600	13
41611	15
41621	23
41633	15
41643	15
41653	15
41663	10
41674	17
41684	20
41695	16
41705	21
41715	18
41726	22
41736	15
41746	27
41756	13
41768	25
41778	22
41789	22
41801	27
41811	13
41823	23
41833	22
41843	21
41854	21
41866	17
41876	28
41887	27
41897	19
41908	21
41919	22
41929	25
41939	18
41950	22
41960	16
41970	18
41981	19
41992	17
42003	14
42013	17
42024	31
42034	29
42045	28
42056	17
42068	25
42078	13
42089	34
42099	15
42110	35
42120	21
42130	16
42140	17
42151	23
42161	26
42172	19
42184	16
42194	18
42205	27
42216	21
42226	17
42237	15
42247	17
42258	15
42268	21
42279	17
42289	15
42300	21
42311	15
42321	14
42333	23
42344	11
42355	17
42365	23
42375	12
42386	21
42396	18
42406	34
42418	22
42428	23
42438	19
42449	18
42459	13
42470	16
42481	18
42491	19
42502	14
42512	18
42522	13
42533	18
42543	19
42554	18
42564	11
42574	17
42585	24
42595	19
42606	21
42617	17
42628	19
42639	20
42649	14
42660	15
42670	15
42681	17
42691	11
42703	18
42713	15
42724	10
42734	17
42744	23
42755	18
42766	22
42778	17
42788	17
42799	13
42810	17
42822	24
42832	16
42844	7
42856	18
42866	27
42877	17
42888	12
42898	15
42909	10
42919	16
42929	23
42939	21
42950	17
42960	20
42970	32
42980	45
42991	27
43001	26
43014	24
43024	24
43034	19
43044	26
43055	15
43066	30
43077	20
43087	12
43099	20
43109	20
43119	23
43129	29
43140	24
43150	29
43160	24
43171	26
43181	19
43192	19
43202	13
43213	19
43224	28
43235	28
43246	22
43256	17
43266	24
43276	19
43286	32
43296	25
43307	15
43318	21
43329	21
43339	21
43349	25
43360	15
43370	27
43380	13
43390	19
43400	18
43411	17
43421	18
43432	17
43443	12
43453	24
43463	23
43474	23
43485	14
43495	23
43505	20
43516	13
43527	22
43537	32
43547	23
43558	27
43569	23
43581	19
43592	15
43602	17
43613	20
43623	23
43633	22
43644	20
43654	22
43664	27
43674	23
43684	17
43694	15
43705	31
43715	13
43726	20
43736	32
43748	17
43758	16
43768	15
43778	32
43788	20
43799	14
43810	17
43820	27
43830	36
43840	18
43850	35
43863	24
43873	18
43883	25
43894	28
43904	21
43914	22
43925	21
43935	21
43945	24
43957	24
43968	22
43978	24
43989	26
43999	24
44010	19
44020	21
44030	23
44040	25
44050	12
44060	19
44070	27
44081	23
44091	25
44101	26
44112	16
44122	27
44133	22
44143	35
44154	24
44164	24
44174	18
44185	23
44195	28
44206	32
44217	27
44227	24
44238	17
44249	25
44259	18
44269	23
44279	23
44290	25
44301	28
44311	17
44321	16
44331	28
44342	21
44352	20
44364	25
44374	19
44384	23
44395	16
44405	32
44415	16
44425	26
44435	25
44446	18
44456	29
44467	16
44477	20
44489	21
44500	17
44511	19
44521	14
44531	21
44541	33
44553	25
44563	19
44573	23
44584	21
44594	33
44605	19
44615	23
44625	28
44635	26
44645	24
44656	28
44668	21
44678	24
44690	18
44700	28
44711	27
44721	33
44731	33
44742	45
44752	31
44762	31
44773	34
44783	22
44793	40
44803	23
44814	39
44824	30
44835	14
44845	26
44855	26
44865	36
44876	19
44889	18
44899	28
44909	29
44919	18
44929	28
44939	25
44949	28
44960	20
44970	29
44981	23
44991	25
45002	30
45012	23
45022	24
45033	22
45043	33
45053	23
45064	21
45074	30
45086	27
45097	25
45107	25
45118	19
45128	29
45138	23
45149	14
45159	19
45171	25
45181	30
45191	21
45202	22
45212	20
45223	23
45234	28
45245	24
45256	24
45266	24
45276	19
45286	23
45297	24
45307	26
45317	31
45327	29
45338	20
45348	30
45358	21
45368	22
45379	27
45389	20
45400	24
45410	15
45420	17
45431	23
45442	30
45453	18
45463	25
45474	27
45484	23
45495	23
45505	27
45515	25
45526	27
45536	16
45547	23
45557	24
45568	23
45579	30
45590	30
45601	30
45611	30
45621	38
45631	28
45642	19
45653	28
45663	21
45673	19
45683	20
45694	31
45704	29
45714	26
45724	22
45734	26
45744	26
45755	23
45765	39
45775	21
45786	21
45797	23
45807	28
45817	29
45827	25
45838	25
45848	22
45858	33
45868	28
45878	36
45889	26
45900	37
45910	19
45920	27
45931	45
45942	28
45952	25
45963	22
45973	27
45983	25
45993	29
46003	26
46014	22
46025	26
46035	34
46046	35
46056	19
46066	34
46077	26
46087	22
46097	27
46108	27
46118	26
46129	23
46139	29
46149	25
46159	32
46170	27
46180	21
46190	20
46201	21
46211	25
46221	19
46232	37
46242	29
46252	29
46262	34
46273	26
46283	25
46293	36
46304	35
46314	31
46324	23
46335	32
46345	30
46355	35
46365	24
46376	41
46387	26
46397	28
46407	41
46418	138
46428	28
46438	32
46448	24
46458	39
46468	33
46478	23
46489	31
46499	28
46509	31
46519	33
46530	42
46540	45
46550	36
46560	24
46570	32
46580	21
46591	47
46601	26
46611	30
46621	30
46631	33
46641	36
46651	22
46662	24
46673	26
46683	33
46693	28
46703	32
46713	41
46724	29
46734	23
46744	38
46755	47
46765	34
46775	30
46786	28
46796	22
46807	30
46817	28
46827	37
46838	31
46848	29
46858	23
46869	40
46879	30
46890	38
46900	33
46911	50
46921	34
46931	40
46941	33
46952	28
46962	23
46972	25
46983	30
46993	27
47003	39
47013	26
47023	19
47033	22
47044	33
47054	27
47064	35
47074	32
47084	26
47094	23
47105	31
47115	32
47126	30
47136	23
47146	37
47156	22
47166	30
47177	27
47187	33
47197	32
47209	24
47219	35
47229	22
47239	33
47250	37
47260	22
47270	25
47281	24
47291	38
47301	43
47311	33
47321	35
47332	39
47342	24
47353	22
47364	22
47374	30
47384	36
47394	29
47404	31
47415	44
47425	48
47436	45
47446	26
47456	34
47466	33
47476	34
47486	35
47496	27
47506	41
47516	35
47527	32
47537	35
47548	34
47558	35
47568	28
47578	23
47588	28
47599	31
47609	44
47620	35
47630	29
47640	24
47650	22
47660	30
47671	30
47681	22
47692	26
47702	28
47712	24
47723	39
47733	36
47744	26
47754	25
47764	29
47774	29
47784	29
47794	34
47805	41
47815	32
47825	41
47835	38
47846	44
47856	35
47866	28
47876	29
47888	27
47898	36
47908	38
47919	34
47929	34
47939	34
47949	42
47960	30
47970	35
47981	40
47991	36
48002	35
48012	32
48023	34
48034	37
48044	30
48055	35
48066	37
48076	33
48086	32
48096	25
48106	27
48117	35
48127	36
48137	40
48147	35
48157	33
48168	31
48178	37
48188	24
48199	34
48210	24
48220	24
48232	40
48243	39
48253	32
48263	41
48274	26
48284	17
48294	33
48304	34
48315	30
48325	51
48335	43
48345	32
48356	39
48366	32
48377	29
48387	31
48397	26
48407	35
48417	36
48428	33
48438	36
48448	35
48458	30
48468	35
48478	35
48489	47
48499	22
48509	26
48519	33
48529	40
48540	21
48550	31
48560	19
48570	32
48580	40
48591	45
48602	26
48612	28
48622	30
48633	30
48643	31
48653	36
48663	37
48674	26
48684	33
48695	31
48705	33
48715	24
48727	32
48737	34
48747	35
48757	30
48768	29
48778	26
48789	43
48799	37
48809	44
48819	40
48830	32
48841	27
48851	34
48861	40
48872	30
48882	35
48892	25
48903	28
48913	31
48923	30
48933	33
48943	39
48953	28
48964	25
48974	32
48984	30
48994	41
49005	28
49015	33
49025	33
49036	39
49046	46
49057	37
49067	30
49077	34
49087	30
49097	31
49107	33
49118	35
49128	42
49138	33
49148	33
49158	34
49168	32
49179	26
49189	24
49199	30
49210	18
49220	40
49230	40
49241	36
49251	26
49261	18
49271	33
49282	29
49292	21
49303	39
49313	23
49324	22
49334	55
49345	38
49355	50
49365	24
49376	29
49386	21
49396	50
49407	34
49417	38
49427	27
49437	35
49447	34
49457	25
49468	34
49479	36
49489	25
49500	42
49510	37
49520	26
49530	43
49541	32
49551	28
49561	47
49571	41
49581	22
49592	38
49602	31
49612	28
49622	25
49632	22
49642	34
49653	28
49663	38
49674	35
49684	43
49694	33
49704	32
49714	33
49724	36
49735	26
49745	25
49755	30
49765	26
49776	27
49787	26
49797	27
49807	33
49817	36
49827	53
49838	46
49848	38
49858	23
49868	41
49879	30
49889	35
49899	38
49910	39
49920	27
49931	36
49941	34
49951	32
49961	24
49972	32
49982	21
49992	38
50003	21
50013	32
50023	45
50033	35
50043	37
50053	40
50064	34
50074	32
50084	36
50094	38
50105	32
50115	42
50125	31
50135	47
50145	36
50156	44
50166	38
50176	33
50186	36
50197	41
50208	32
50218	26
50228	39
50239	30
50249	33
50260	33
50270	32
50280	37
50291	45
50301	31
50311	33
50321	34
50333	31
50343	41
50353	29
50364	32
50374	37
50384	32
50394	36
50404	27
50415	29
50425	37
50435	46
50445	38
50455	35
50465	36
50475	41
50485	37
50495	30
50506	32
50516	48
50527	26
50537	36
50547	29
50557	29
50567	26
50577	31
50588	44
50598	33
50609	32
50619	29
50629	31
50640	33
50651	38
50661	39
50672	32
50682	29
50693	24
50703	36
50713	29
50724	38
50734	31
50745	35
50755	31
50766	30
50776	33
50786	26
50797	27
50807	33
50817	30
50827	37
50838	29
50848	36
50859	29
50870	33
50880	26
50890	30
50900	31
50912	28
50922	17
50932	24
50943	34
50953	31
50964	32
50974	29
50984	34
50995	28
51006	20
51016	34
51027	33
51037	35
51048	28
51059	24
51069	26
51080	29
51091	37
51101	36
51111	38
51121	28
51132	36
51142	32
51152	32
51162	37
51173	27
51184	42
51194	26
51204	25
51214	33
51225	34
51236	29
51246	32
51256	28
51266	32
51277	34
51287	32
51298	34
51308	25
51318	42
51329	34
51339	30
51349	38
51360	26
51371	38
51382	34
51393	38
51403	26
51413	30
51423	40
51434	26
51444	30
51454	30
51465	34
51475	33
51486	32
51496	38
51507	41
51517	31
51527	30
51538	32
51548	31
51558	29
51568	34
51579	24
51589	45
51599	27
51609	34
51619	42
51630	32
51640	31
51650	28
51660	30
51670	26
51681	30
51692	36
51702	43
51712	34
51722	35
51732	41
51743	38
51753	33
51763	38
51773	35
51784	30
51794	35
51805	39
51815	36
51825	34
51835	34
51846	35
51856	27
51866	27
51877	23
51887	37
51897	31
51908	33
51918	30
51929	43
51939	42
51950	26
51960	31
51970	35
51982	27
51992	35
52003	33
52013	20
52023	35
52033	42
52043	27
52054	42
52064	26
52074	21
52084	22
52094	33
52105	34
52115	26
52125	34
52136	28
52146	37
52157	36
52167	38
52177	25
52188	24
52198	29
52209	25
52219	29
52229	44
52239	33
52250	25
52260	32
52271	36
52281	33
52291	35
52302	27
52312	43
52322	29
52332	33
52343	38
52353	30
52364	31
52374	32
52384	36
52394	22
52405	28
52415	26
52426	23
52436	34
52446	32
52457	20
52467	22
52477	28
52487	20
52498	32
52508	34
52518	28
52529	32
52540	27
52550	29
52561	31
52571	32
52581	20
52591	25
52601	37
52611	42
52621	27
52631	28
52642	24
52653	41
52663	30
52674	30
52684	36
52695	35
52706	29
52716	35
52726	32
52737	28
52747	28
52757	27
52769	26
52779	36
52789	23
52799	29
52809	21
52819	30
52829	34
52840	21
52850	30
52860	29
52870	36
52881	25
52891	33
52901	23
52912	40
52922	44
52932	27
52942	31
52953	33
52963	30
52973	33
52983	22
52994	31
53005	24
53015	29
53025	36
53035	27
53045	34
53056	29
53066	30
53076	39
53087	27
53097	40
53107	36
53117	27
53127	44
53137	31
53148	32
53158	26
53168	27
53178	29
53188	22
53198	33
53209	39
53220	28
53231	33
53241	29
53251	30
53263	30
53273	35
53284	30
53294	37
53305	36
53316	22
53326	37
53337	36
53347	37
53357	33
53368	24
53378	34
53388	32
53399	32
53410	33
53420	27
53430	38
53441	32
53452	27
53462	36
53472	26
53482	30
53492	25
53503	31
53513	33
53523	31
53533	28
53543	29
53554	33
53564	40
53574	32
53584	27
53594	26
53604	27
53615	32
53625	34
53635	33
53646	36
53657	32
53667	24
53677	32
53687	29
53697	27
53708	29
53718	34
53728	34
53738	38
53749	28
53759	40
53769	27
53779	25
53789	26
53800	31
53810	31
53820	37
53830	34
53841	32
53851	27
53861	27
53872	44
53882	32
53892	41
53902	31
53913	28
53923	36
53933	33
53943	35
53953	31
53964	31
53974	24
53984	34
53994	32
54004	32
54014	33
54025	30
54035	27
54045	41
54055	31
54066	21
54076	40
54086	23
54096	30
54106	37
54117	31
54127	35
54137	38
54147	38
54158	35
54168	39
54178	40
54189	33
54199	38
54209	44
54220	57
54230	31
54240	29
54251	35
54261	28
54272	36
54282	28
54292	32
54302	24
54313	43
54323	41
54333	43
54343	27
54354	48
54364	33
54374	46
54384	41
54394	28
54404	35
54415	35
54425	39
54435	37
54445	39
54455	36
54466	41
54476	51
54486	41
54496	33
54506	37
54516	33
54527	38
54537	26
54547	32
54557	39
54567	38
54577	30
54588	22
54598	34
54608	40
54618	32
54628	45
54639	41
54649	102
54659	30
54669	34
54680	42
54690	38
54700	35
54710	49
54720	32
54730	33
54741	48
54751	24
54761	41
54772	35
54782	47
54792	32
54802	50
54813	36
54823	26
54833	51
54843	46
54853	26
54863	30
54873	33
54884	37
54894	38
54904	31
54914	28
54924	30
54935	39
54945	32
54955	30
54965	41
54976	27
54986	25
54997	29
55007	36
55017	31
55028	38
55038	33
55048	41
55058	32
55069	33
55079	27
55089	38
55100	39
55110	32
55121	12
55131	29
55142	71
55153	38
55163	35
55173	38
55183	31
55193	38
55203	32
55214	37
55224	43
55234	35
55244	28
55255	37
55265	33
55275	34
55285	35
55295	29
55305	39
55316	35
55326	31
55336	26
55346	29
55356	41
55366	32
55377	27
55387	29
55397	30
55407	26
55418	35
55428	37
55439	29
55449	35
55459	31
55469	31
55480	28
55490	44
55500	28
55511	38
55521	32
55531	44
55541	34
55552	27
55562	22
55573	37
55583	31
55594	35
55604	35
55614	16
55624	28
55634	39
55644	32
55655	23
55665	30
55675	23
55685	28
55695	29
55705	33
55716	31
55726	26
55736	29
55747	36
55757	66
55768	32
55778	28
55788	41
55799	31
55809	25
55819	30
55830	36
55840	36
55851	36
55861	27
55872	31
55882	39
55892	43
55903	37
55914	29
55924	36
55935	35
55945	31
55956	23
55966	30
55976	28
55986	38
55996	26
56007	26
56017	31
56027	32
56038	31
56049	46
56059	32
56070	32
56080	21
56090	36
56102	28
56112	23
56122	33
56133	75
56143	22
56153	31
56163	24
56174	36
56184	38
56194	39
56204	36
56214	44
56225	45
56235	41
56245	42
56255	50
56265	36
56276	45
56286	31
56296	44
56306	48
56316	35
56327	50
56338	34
56348	34
56359	40
56369	32
56379	23
56390	44
56400	51
56410	34
56420	29
56430	42
56441	30
56452	36
56462	29
56472	25
56482	31
56493	30
56504	27
56514	40
56524	38
56535	40
56545	45
56555	35
56565	28
56576	39
56586	27
56596	25
56606	21
56616	39
56627	40
56637	35
56647	25
56657	34
56668	29
56679	38
56690	33
56700	41
56711	31
56721	49
56731	36
56741	40
56751	28
56761	28
56771	35
56782	25
56793	24
56803	25
56813	28
56823	35
56833	26
56843	37
56853	28
56864	24
56875	29
56885	36
56896	38
56906	35
56916	29
56926	20
56936	36
56946	34
56957	19
56967	19
56978	19
56988	30
56998	24
57008	30
57018	31
57029	40
57039	25
57049	36
57060	37
57070	35
57082	25
57092	34
57102	35
57112	28
57123	34
57133	35
57143	28
57153	31
57163	28
57173	46
57183	80
57194	26
57204	37
57214	28
57224	37
57235	73
57245	35
57256	31
57266	32
57276	28
57287	74
57297	30
57307	28
57317	33
57328	45
57339	28
57350	79
57361	35
57372	35
57383	29
57393	42
57403	37
57413	40
57423	29
57433	33
57443	42
57454	29
57465	41
57475	29
57485	38
57495	43
57505	41
57515	64
57525	31
57536	39
57546	28
57556	31
57566	31
57576	37
57587	32
57597	36
57607	33
57617	38
57627	51
57638	38
57648	34
57658	42
57668	42
57679	52
57689	37
57699	37
57709	25
57719	30
57730	29
57740	34
57751	32
57761	29
57771	43
57781	35
57791	37
57801	33
57812	37
57822	49
57832	30
57843	26
57854	42
57864	39
57875	25
57886	37
57896	35
57906	34
57916	26
57927	45
57937	26
57947	32
57957	29
57967	24
57978	39
57988	34
57999	21
58009	29
58019	32
58030	32
58040	35
58050	37
58060	21
58071	32
58081	38
58091	45
58101	42
58112	47
58122	40
58132	25
58142	30
58152	46
58162	37
58173	35
58183	34
58193	30
58204	27
58214	28
58224	44
58234	37
58244	37
58256	40
58266	32
58276	29
58287	40
58297	36
58308	33
58318	30
58329	32
58339	27
58349	25
58359	36
58370	42
58380	37
58390	39
58401	34
58411	37
58422	39
58432	31
58442	35
58452	28
58462	37
58474	43
58484	35
58495	35
58505	29
58516	45
58526	43
58536	27
58547	26
58557	23
58567	29
58577	30
58588	31
58598	28
58608	37
58619	34
58629	46
58639	35
58650	20
58660	41
58670	38
58680	34
58690	40
58701	18
58711	31
58721	34
58732	18
58742	35
58752	36
58762	30
58772	34
58782	34
58792	32
58803	27
58814	41
58824	36
58835	36
58846	32
58856	39
58866	37
58876	36
58886	37
58899	31
58909	24
58919	36
58929	36
58939	34
58950	25
58960	32
58970	30
58980	27
58990	38
59001	35
59011	42
59021	25
59031	35
59041	33
59051	42
59062	28
59072	29
59082	28
59093	29
59103	29
59114	31
59124	36
59134	41
59145	31
59155	31
59165	41
59175	33
59185	34
59196	26
59206	37
59216	35
59226	33
59236	32
59246	26
59257	34
59267	32
59277	26
59287	32
59297	27
59307	36
59317	33
59328	37
59338	24
59348	40
59358	35
59368	31
59378	26
59389	34
59400	24
59410	40
59420	31
59430	32
59440	28
59451	33
59461	38
59471	28
59481	30
59491	43
59502	37
59512	31
59522	27
59533	20
59543	32
59553	38
59564	27
59574	34
59585	36
59595	30
59606	28
59616	31
59627	24
59638	32
59648	23
59659	33
59669	33
59679	27
59690	19
59700	35
59710	28
59720	35
59730	37
59740	35
59751	38
59761	36
59771	29
59782	41
59792	28
59803	23
59813	32
59823	28
59833	45
59843	31
59854	33
59864	35
59874	24
59884	30
59894	27
59905	24
59916	36
59926	29
59937	28
59948	28
59958	29
59968	28
59978	36
59989	30
59999	32
60011	29
60021	27
60031	33
60041	32
60051	34
60062	27
60073	24
60084	22
60094	23
60104	30
60114	31
60125	31
60135	25
60145	36
60156	26
60166	26
60176	22
60187	32
60197	35
60207	34
60217	29
60228	24
60238	30
60248	25
60259	29
60269	28
60279	32
60290	25
60300	33
60311	32
60321	25
60332	29
60342	40
60352	26
60362	29
60372	20
60382	25
60392	28
60402	29
60412	31
60422	22
60433	25
60443	30
60454	26
60464	21
60474	26
60484	32
60495	32
60505	34
60516	30
60526	31
60536	26
60547	26
60557	27
60568	36
60578	30
60589	28
60600	39
60610	29
60620	42
60630	30
60641	34
60651	27
60661	29
60671	34
60681	30
60692	24
60702	34
60712	46
60723	25
60734	45
60744	28
60754	34
60764	38
60774	32
60785	30
60795	35
60806	32
60816	32
60826	26
60836	41
60846	42
60856	44
60866	19
60876	34
60887	21
60897	38
60907	38
60918	28
60929	50
60939	33
60949	31
60959	47
60969	48
60979	27
60989	38
60999	32
61010	33
61020	41
61030	27
61041	37
61051	42
61062	41
61072	25
61083	38
61093	38
61103	30
61113	31
61123	34
61134	39
61144	41
61154	37
61164	32
61175	35
